(281,26)
(188,112)
(528,53)
(584,24)
(883,268)
(391,121)
(346,193)
(232,93)
(766,175)
(456,217)
(753,57)
(799,24)
(540,63)
(702,31)
(627,181)
(317,22)
(795,159)
(436,145)
(41,52)
(494,47)
(672,29)
(191,27)
(717,93)
(889,326)
(762,21)
(193,121)
(355,26)
(836,50)
(357,76)
(629,121)
(847,146)
(333,26)
(465,80)
(23,151)
(292,124)
(582,62)
(784,39)
(274,71)
(472,263)
(18,277)
(852,49)
(685,20)
(502,37)
(344,190)
(409,203)
(838,93)
(263,123)
(111,24)
(128,184)
(788,249)
(294,150)
(601,148)
(331,70)
(832,25)
(676,77)
(917,35)
(821,62)
(931,61)
(388,52)
(458,183)
(69,65)
(382,53)
(290,150)
(98,27)
(203,43)
(199,40)
(876,21)
(36,20)
(874,34)
(272,51)
(403,50)
(801,26)
(902,49)
(625,106)
(515,40)
(164,63)
(429,414)
(368,45)
(492,55)
(296,147)
(210,132)
(636,20)
(276,518)
(568,81)
(791,25)
(322,51)
(10,184)
(452,206)
(139,24)
(423,64)
(520,23)
(443,24)
(490,57)
(476,83)
(362,25)
(186,92)
(524,306)
(823,185)
(254,159)
(517,37)
(375,28)
(52,56)
(58,154)
(704,90)
(498,149)
(641,40)
(522,30)
(939,49)
(818,21)
(197,118)
(890,119)
(278,23)
(810,26)
(243,81)
(180,63)
(445,135)
(201,386)
(696,29)
(843,204)
(858,21)
(825,145)
(168,69)
(209,33)
(575,26)
(546,59)
(410,28)
(104,111)
(535,218)
(252,21)
(746,67)
(182,28)
(869,47)
(603,47)
(544,31)
(573,51)
(768,64)
(148,65)
(140,21)
(250,122)
(924,82)
(878,134)
(593,156)
(555,52)
(595,96)
(65,80)
(900,45)
(665,142)
(359,27)
(364,20)
(67,30)
(5,175)
(27,25)
(623,45)
(577,188)
(748,108)
(694,157)
(500,225)
(85,288)
(72,137)
(670,46)
(160,120)
(739,35)
(380,162)
(207,230)
(634,135)
(894,245)
(449,75)
(489,109)
(904,47)
(289,27)
(928,32)
(348,58)
(690,115)
(692,40)
(829,64)
(735,53)
(157,51)
(315,87)
(454,236)
(302,21)
(809,20)
(469,43)
(159,107)
(113,51)
(742,26)
(221,146)
(759,32)
(632,118)
(854,217)
(56,187)
(933,184)
(447,139)
(579,74)
(3,54)
(135,55)
(661,121)
(311,294)
(610,75)
(184,251)
(511,24)
(537,490)
(171,28)
(779,37)
(870,269)
(915,26)
(339,254)
(29,34)
(780,55)
(681,22)
(616,43)
(715,167)
(179,42)
(485,26)
(777,36)
(100,59)
(267,185)
(483,59)
(597,41)
(320,154)
(216,131)
(669,100)
(142,33)
(340,44)
(775,28)
(711,221)
(937,40)
(881,259)
(397,102)
(195,96)
(304,26)
(441,20)
(425,204)
(850,51)
(360,102)
(773,161)
(416,493)
(144,206)
(849,23)
(427,31)
(126,45)
(786,117)
(432,62)
(467,44)
(238,29)
(405,737)
(656,24)
(740,20)
(283,53)
(324,66)
(533,260)
(667,47)
(373,233)
(733,107)
(793,55)
(270,138)
(61,21)
(89,76)
(700,21)
(908,74)
(887,171)
(25,78)
(496,129)
(755,38)
(319,23)
(713,30)
(513,22)
(108,33)
(728,26)
(49,215)
(830,106)
(645,122)
(872,71)
(863,107)
(519,49)
(551,334)
(926,20)
(256,207)
(32,41)
(539,56)
(54,65)
(683,75)
(393,448)
(438,33)
(719,67)
(940,107)
(689,36)
(782,232)
(814,35)
(119,181)
(76,82)
(399,319)
(205,22)
(803,33)
(236,124)
(566,149)
(771,70)
(816,25)
(117,86)
(865,66)
(885,102)
(395,57)
(643,206)
(249,161)
(337,34)
(241,23)
(764,109)
(269,323)
(16,140)
(92,388)
(371,51)
(9,22)
(265,46)
(175,38)
(300,20)
(508,87)
(30,43)
(328,283)
(605,90)
(553,100)
(247,26)
(706,29)
(919,217)
(306,32)
(1,272)
(841,31)
(638,67)
(722,42)
(155,22)
(234,480)
(504,251)
(21,179)
(942,79)
(261,27)
(106,64)
(726,24)
(571,20)
(287,62)
(146,29)
(812,20)
(245,22)
(407,226)
(50,24)
(227,58)
(87,211)
(650,311)
(562,72)
(856,26)
(12,51)
(474,327)
(751,168)
(122,61)
(102,216)
(614,39)
(834,54)
(674,41)
(911,98)
(760,41)
(96,56)
(861,43)
(797,26)
(115,92)
(326,187)
(386,23)
(531,30)
(548,155)
(757,166)
(463,133)
(560,101)
(377,33)
(45,48)
(506,242)
(131,30)
(230,133)
(83,155)
(867,95)
(807,204)
(81,58)
(658,71)
(621,171)
(898,30)
(166,20)
(229,30)
(63,93)
(935,39)
(298,127)
(133,26)
(412,51)
(922,127)
(612,27)
(47,25)
(401,153)
(586,166)
(173,43)
(654,147)
(461,23)
(731,83)
(351,44)
(892,226)
(913,132)
(212,25)
(564,34)
(652,22)
(94,400)
(177,115)
(845,31)
(720,30)
(478,113)
(827,28)
(450,540)
(384,22)
(14,98)
(599,47)
(737,33)
(588,225)
(162,42)
(687,21)
(7,403)
(678,28)
(218,53)
(591,84)
(559,76)
(580,47)
(120,26)
(421,62)
(434,44)
(366,33)
(920,26)
(214,128)
(487,231)
(258,23)
(34,20)
(647,58)
(649,24)
(805,273)
(414,25)
(542,135)
(313,262)
(153,23)
(430,65)
(557,53)
(379,196)
(618,216)
(90,300)
(137,47)
(470,57)
(481,56)
(744,27)
(698,127)
(124,24)
(342,201)
(151,307)
(896,362)
(663,158)
(607,37)
(630,108)
(78,21)
(225,27)
(609,28)
(335,22)
(308,397)
(38,121)
(70,131)
(43,221)
(526,68)
(353,25)
(906,41)
(708,105)
(418,20)
(285,32)
(74,39)
(223,105)
(724,85)
