(273,22)
(253,97)
(282,22)
(82,168)
(736,24)
(426,101)
(332,183)
(927,120)
(190,59)
(312,223)
(62,232)
(664,166)
(301,275)
(734,64)
(523,100)
(279,434)
(479,202)
(875,89)
(503,160)
(846,405)
(13,636)
(642,318)
(617,108)
(774,224)
(792,47)
(853,41)
(831,73)
(466,101)
(691,32)
(815,183)
(237,48)
(101,67)
(428,55)
(112,46)
(860,71)
(550,40)
(178,273)
(749,305)
(31,36)
(71,38)
(448,38)
(462,33)
(299,280)
(556,44)
(33,24)
(167,69)
(493,135)
(350,50)
(383,71)
(888,20)
(477,35)
(644,42)
(639,148)
(271,278)
(789,33)
(125,182)
(444,24)
(855,23)
(91,98)
(884,43)
(532,274)
(747,293)
(284,47)
(842,27)
(929,49)
(729,21)
(37,57)
(233,110)
(396,54)
(613,28)
(662,23)
(714,44)
(226,50)
(172,27)
(686,71)
(44,151)
(802,75)
(576,36)
(398,172)
(406,342)
(808,23)
(453,156)
(572,20)
(231,21)
(826,115)
(329,65)
(738,148)
(259,46)
(75,79)
(352,42)
(174,177)
(651,21)
(206,64)
(730,38)
(55,21)
(435,379)
(370,75)
(321,125)
(413,50)
(471,31)
(943,168)
(877,81)
(17,28)
(194,305)
(262,160)
(879,29)
(378,375)
(361,121)
(800,28)
(488,154)
(202,20)
(116,143)
(387,304)
(585,80)
(901,124)
(938,108)
(222,387)
(459,118)
(633,58)
(257,57)
(518,73)
(602,29)
(783,30)
(163,23)
(349,41)
(549,25)
(820,21)
(527,137)
(295,196)
(59,382)
(521,150)
(637,104)
(590,48)
(24,68)
(239,159)
(240,24)
(640,109)
(635,34)
(895,20)
(367,58)
(529,43)
(675,34)
(303,484)
(530,45)
(105,23)
(655,685)
(20,48)
(798,239)
(400,22)
(790,231)
(891,47)
(918,103)
(510,30)
(538,81)
(563,30)
(323,89)
(79,55)
(309,20)
(381,127)
(404,44)
(512,21)
(697,105)
(570,22)
(660,224)
(198,181)
(264,120)
(446,36)
(424,44)
(905,40)
(88,21)
(277,54)
(4,24)
(457,277)
(358,43)
(107,22)
(228,21)
(631,20)
(598,25)
(727,322)
(754,34)
(787,57)
(376,30)
(6,211)
(541,133)
(170,22)
(291,296)
(86,23)
(624,141)
(185,48)
(266,23)
(657,29)
(752,73)
(819,28)
(868,208)
(712,162)
(594,25)
(176,63)
(66,38)
(666,245)
(110,133)
(828,104)
(460,68)
(220,22)
(189,187)
(756,109)
(673,35)
(64,200)
(628,27)
(699,149)
(158,173)
(343,237)
(215,93)
(857,22)
(422,97)
(442,143)
(873,20)
(325,142)
(859,39)
(211,37)
(778,65)
(804,332)
(516,21)
(408,27)
(914,23)
(932,241)
(68,34)
(437,263)
(363,311)
(307,112)
(844,81)
(534,80)
(606,236)
(668,46)
(880,368)
(907,147)
(912,53)
(499,102)
(941,22)
(419,32)
(600,89)
(592,360)
(345,232)
(741,104)
(703,47)
(507,58)
(134,25)
(46,27)
(138,51)
(794,39)
(219,28)
(709,138)
(305,222)
(411,58)
(28,79)
(701,33)
(318,174)
(732,20)
(903,136)
(761,66)
(136,35)
(693,154)
(288,75)
(330,147)
(785,27)
(150,32)
(567,155)
(813,29)
(707,236)
(224,141)
(916,317)
(484,139)
(48,66)
(718,39)
(97,63)
(758,357)
(280,258)
(611,42)
(255,83)
(897,185)
(679,62)
(22,128)
(930,63)
(389,271)
(338,75)
(99,136)
(310,21)
(824,20)
(620,110)
(392,111)
(899,135)
(552,84)
(80,29)
(455,189)
(721,168)
(886,240)
(130,353)
(848,150)
(204,42)
(327,284)
(796,358)
(372,66)
(439,31)
(811,21)
(705,114)
(497,279)
(536,163)
(433,41)
(710,86)
(200,216)
(39,22)
(77,72)
(260,24)
(909,26)
(495,213)
(464,53)
(671,124)
(840,197)
(910,60)
(8,59)
(743,35)
(394,149)
(57,106)
(251,77)
(385,281)
(925,32)
(15,104)
(35,25)
(293,388)
(653,283)
(390,31)
(514,194)
(40,35)
(468,143)
(765,23)
(51,23)
(141,107)
(369,22)
(123,54)
(480,60)
(156,37)
(213,126)
(923,74)
(420,36)
(659,191)
(482,26)
(347,199)
(864,294)
(217,76)
(95,278)
(622,228)
(161,58)
(417,365)
(451,98)
(275,95)
(574,46)
(118,71)
(547,23)
(19,20)
(42,183)
(833,267)
(154,51)
(772,33)
(835,102)
(505,112)
(165,30)
(127,23)
(677,49)
(866,20)
(93,20)
(569,70)
(604,27)
(745,60)
(763,129)
(543,197)
(776,105)
(525,54)
(244,238)
(208,33)
(121,74)
(84,68)
(767,37)
(11,181)
(822,25)
(893,59)
(334,333)
(402,68)
(415,24)
(60,208)
(871,115)
(268,328)
(769,29)
(626,32)
(246,195)
(936,142)
(486,189)
(147,20)
(589,43)
(103,29)
(242,20)
(365,58)
(581,28)
(26,107)
(781,42)
(196,39)
(73,66)
(297,192)
(152,106)
(583,27)
(648,297)
(725,25)
(558,20)
(183,53)
(316,75)
(596,20)
(431,21)
(646,38)
(921,110)
(491,33)
(129,30)
(561,357)
(354,233)
(145,316)
(356,24)
(53,28)
(817,36)
(554,114)
(839,57)
(862,165)
(149,36)
(473,35)
(286,288)
(806,140)
(2,62)
(187,56)
(501,73)
(336,130)
(716,269)
(341,21)
(680,38)
(440,51)
(851,209)
(235,94)
(565,35)
(109,234)
(615,103)
(143,20)
(934,174)
(132,22)
(682,399)
(545,162)
(475,20)
(169,37)
(578,24)
(619,89)
(750,33)
(248,56)
(608,163)
(314,245)
(695,38)
(688,24)
(770,64)
(587,98)
(192,35)
(684,86)
(374,274)
(837,46)
(882,137)
(181,435)
(509,33)
(723,22)
(114,48)
